n = 50, 循环次数为6, 运行时间: 0.68 seconds.

2.0038 2.0152 2.0341 2.0604 2.0941 2.1351 2.1831 2.2380 2.2996 2.3676
2.4418 2.5220 2.6077 2.6988 2.7947 2.8953 3.0000 3.1085 3.2204 3.3353
3.4527 3.5721 3.6932 3.8155 3.9384 4.0616 4.1845 4.3068 4.4279 4.5473
4.6647 4.7796 4.8915 5.0000 5.1047 5.2053 5.3012 5.3923 5.4780 5.5582
5.6324 5.7004 5.7620 5.8169 5.8649 5.9059 5.9396 5.9659 5.9848 5.9962

n = 60, 循环次数为6, 运行时间: 1.9510 seconds.

2.0027 2.0106 2.0238 2.0423 2.0659 2.0947 2.1286 2.1674 2.2110 2.2594
2.3124 2.3699 2.4318 2.4977 2.5677 2.6415 2.7188 2.7996 2.8835 2.9704
3.0600 3.1522 3.2465 3.3429 3.4410 3.5406 3.6414 3.7432 3.8456 3.9485
4.0515 4.1544 4.2568 4.3586 4.4594 4.5590 4.6571 4.7535 4.8478 4.9400
5.0296 5.1165 5.2004 5.2812 5.3585 5.4323 5.5023 5.5682 5.6301 5.6876
5.7406 5.7890 5.8326 5.8714 5.9053 5.9341 5.9577 5.9762 5.9894 5.9973

n = 70, 循环次数为6, 运行时间: 3.1850 seconds.

2.0020 2.0078 2.0176 2.0312 2.0487 2.0701 2.0952 2.1240 2.1565 2.1926
2.2323 2.2754 2.3219 2.3716 2.4246 2.4806 2.5396 2.6015 2.6661 2.7334
2.8031 2.8751 2.9493 3.0257 3.1039 3.1838 3.2654 3.3484 3.4327 3.5181
3.6044 3.6915 3.7792 3.8674 3.9558 4.0442 4.1326 4.2208 4.3085 4.3956
4.4819 4.5673 4.6516 4.7346 4.8162 4.8961 4.9743 5.0507 5.1249 5.1969
5.2666 5.3339 5.3985 5.4604 5.5194 5.5754 5.6284 5.6781 5.7246 5.7677
5.8074 5.8435 5.8760 5.9048 5.9299 5.9513 5.9688 5.9824 5.9922 5.9980

n = 80, 循环次数为6, 运行时间: 6.3900 seconds.

2.0015 2.0060 2.0135 2.0240 2.0375 2.0539 2.0733 2.0955 2.1206 2.1486
2.1793 2.2127 2.2489 2.2877 2.3290 2.3729 2.4192 2.4679 2.5189 2.5721
2.6275 2.6850 2.7444 2.8057 2.8688 2.9336 3.0000 3.0679 3.1372 3.2078
3.2796 3.3525 3.4264 3.5011 3.5766 3.6527 3.7293 3.8064 3.8837 3.9612
4.0388 4.1163 4.1936 4.2707 4.3473 4.4234 4.4989 4.5736 4.6475 4.7204
4.7922 4.8628 4.9321 5.0000 5.0664 5.1312 5.1943 5.2556 5.3150 5.3725
5.4279 5.4811 5.5321 5.5808 5.6271 5.6710 5.7123 5.7511 5.7873 5.8207
5.8514 5.8794 5.9045 5.9267 5.9461 5.9625 5.9760 5.9865 5.9940 5.9985

n = 90, 循环次数为6, 运行时间: 12.5440 seconds.

2.0012 2.0048 2.0107 2.0190 2.0297 2.0428 2.0581 2.0758 2.0958 2.1180
2.1425 2.1692 2.1981 2.2291 2.2622 2.2974 2.3347 2.3739 2.4150 2.4581
2.5030 2.5496 2.5980 2.6481 2.6998 2.7530 2.8077 2.8639 2.9214 2.9801
3.0401 3.1013 3.1635 3.2267 3.2908 3.3558 3.4215 3.4879 3.5550 3.6225
3.6905 3.7589 3.8276 3.8965 3.9655 4.0345 4.1035 4.1724 4.2411 4.3095
4.3775 4.4450 4.5121 4.5785 4.6442 4.7092 4.7733 4.8365 4.8987 4.9599
5.0199 5.0786 5.1361 5.1923 5.2470 5.3002 5.3519 5.4020 5.4504 5.4970
5.5419 5.5850 5.6261 5.6653 5.7026 5.7378 5.7709 5.8019 5.8308 5.8575
5.8820 5.9042 5.9242 5.9419 5.9572 5.9703 5.9810 5.9893 5.9952 5.9988

n = 100, 循环次数为6, 运行时间: 23.5510 seconds.

2.0010 2.0039 2.0087 2.0155 2.0241 2.0347 2.0472 2.0616 2.0779 2.0960
2.1159 2.1377 2.1613 2.1867 2.2138 2.2426 2.2732 2.3054 2.3392 2.3747
2.4117 2.4503 2.4904 2.5319 2.5748 2.6192 2.6648 2.7118 2.7600 2.8094
2.8599 2.9116 2.9643 3.0180 3.0727 3.1282 3.1846 3.2418 3.2997 3.3583
3.4176 3.4774 3.5376 3.5984 3.6595 3.7210 3.7827 3.8446 3.9067 3.9689
4.0311 4.0933 4.1554 4.2173 4.2790 4.3405 4.4016 4.4624 4.5226 4.5824
4.6417 4.7003 4.7582 4.8154 4.8718 4.9273 4.9820 5.0357 5.0884 5.1401
5.1906 5.2400 5.2882 5.3352 5.3808 5.4252 5.4681 5.5096 5.5497 5.5883
5.6253 5.6608 5.6946 5.7268 5.7574 5.7862 5.8133 5.8387 5.8623 5.8841
5.9040 5.9221 5.9384 5.9528 5.9653 5.9759 5.9845 5.9913 5.9961 5.9990